100 200 200
8 2
1 15
5 10
19 19
5 3
6 6
8 2
12 2
3 16
17 8
5 12
14 3
3 13
17 2
16 19
7 8
19 12
13 10
20 8
15 16
12 4
14 3
5 14
12 2
9 14
5 8
18 3
20 18
2 4
19 10
16 17
3 11
7 9
3 1
9 5
6 7
10 11
11 11
2 7
9 14
4 10
15 5
1 17
17 7
9 12
20 5
4 7
19 18
3 19
2 10
16 14
19 20
11 5
7 18
7 14
6 2
13 5
10 11
14 18
13 18
11 7
17 2
8 16
15 16
13 12
11 11
5 2
11 7
12 8
18 8
8 18
4 14
10 6
19 10
9 2
7 3
11 7
9 14
12 1
16 3
20 11
18 5
4 9
2 16
11 3
17 12
1 15
2 17
20 9
5 9
15 2
20 14
19 19
9 1
8 8
14 9
4 9
2 8
18 11
15 14
